0 0 1 750
0 1 2 400
0 2 3 650
0 3 4 800
1 4 3 800
1 3 2 650
1 2 1 400
1 1 0 750
2 5 6 700
2 6 3 600
2 3 7 850
2 7 16 550
2 16 11 500
3 11 16 500
3 16 7 550
3 7 3 850
3 3 6 600
3 6 5 700
4 8 6 500
4 6 2 900
4 2 9 600
4 9 11 400
5 11 9 400
5 9 2 600
5 2 6 900
5 6 8 500
6 5 12 550
6 12 0 850
6 0 11 600
6 11 13 700
6 13 16 750
7 16 13 750
7 13 11 700
7 11 0 600
7 0 12 850
7 12 5 550
8 14 4 500
8 4 7 600
8 7 15 550
8 15 9 600
8 9 1 550
8 1 12 700
9 12 1 700
9 1 9 550
9 9 15 600
9 15 7 550
9 7 4 600
9 4 14 500